0.900 0.000 0.000 1.000
150 20 20 255
1.000 1.000 0.000 1.000
79 112 31 255
0.000 0.750 0.100 1.000
0.000 0.999 0.100 1.000
0.200 0.000 0.800 1.000
151 2 214 255 
DIV:Mr.Noﬂody's Standard

230 87 20 255
230 160 20 255
191 46 123 255
200 80 140 255
99 0 30 255
0 125 0 255
34 150 69 255
100 175 80 255
0 36 85 255
27 117 196 255
255 255 255 255
0 0 0 255
DIV:Bold

236 131 173 255
255 154 108 255
255 180 130 255
255 224 156 255
244 224 200 255
200 235 125 255
100 134 894 255
143 237 245 255
69 191 242 255
190 190 225 255
61 89 171 255
178 169 231 255
DIV:Soft

0.667 0.000 0.000 0.700
1.000 0.400 0.000 0.700
0.990 0.960 0.000 0.700
0.000 1.000 0.000 0.700
0.000 0.471 0.196 0.700
0.200 0.000 0.800 0.700
0.000 0.200 0.640 0.700
27 117 196 178
0.550 0.700 1.000 0.400
0 0 0 100
255 255 255 30
0 0 0 0
DIV:Transparent

0.900 0.900 0.900 1.000
0.850 0.850 0.850 1.000
0.725 0.725 0.725 1.000
0.650 0.650 0.650 1.000
0.600 0.600 0.600 1.000
0.550 0.550 0.550 1.000
0.500 0.500 0.500 1.000
0.450 0.450 0.450 1.000
0.400 0.400 0.400 1.000
0.300 0.300 0.300 1.000
0.200 0.200 0.200 1.000
0.100 0.100 0.100 1.000
DIV:Greyscale

113 76 10 255
107 66 38 255
81 61 30 255
100 50 20 255
130 60 30 255
50 20 5 255
DIV:Browns